1 1 1 1 22 2 2 1 40 160 52.6
1 1 1 2 53 4 2 1 40 224 48.97
1 1 1 3 20 2 2 2 40 164 56.15
1 1 1 4 19 1 2 1 40 134 36.25
1 1 1 5 24 2 2 1 40 146 60.03
1 1 2 6 28 3 1 1 40 320 50.42
1 1 2 7 32 3 1 1 40 300 45.67
1 1 2 8 42 4 1 1 48 396 48.49
1 1 3 9 74 5 1 1 40 150 24.77
1 1 3 10 40 4 1 2 20 70 44.56
1 1 3 11 17 1 1 1 18 60 30.06
1 1 4 12 30 3 1 1 52 289 44.49
1 1 4 13 26 3 1 2 25 84 43.97
1 1 4 14 27 3 1 1 40 240 41.19
1 1 4 15 53 4 1 1 40 560 52.11
1 1 4 16 44 4 1 2 45 300 32.43
1 1 5 17 25 3 1 2 44 310 49.21
1 1 5 18 24 2 1 2 40 380 48.83
1 1 6 19 40 4 1 1 40 480 57.42
1 1 6 20 42 4 1 2 40 500 67.19
1 1 6 21 31 3 1 2 48 289 59.21
1 1 6 22 32 3 1 1 45 495 47.81
1 1 7 23 39 4 1 1 40 500 44.35
1 1 7 24 41 4 1 1 40 500 63.6
1 1 7 25 37 4 1 2 40 178 68.44
1 1 8 26 20 2 2 2 25 84 53.37
1 1 8 27 48 4 2 2 40 225 73.71
1 1 8 28 17 1 2 1 31 112 71.17
1 1 8 29 66 5 2 1 10 115 70.55
1 1 9 30 39 4 1 1 40 510 36.42
1 1 9 31 61 4 1 2 40 280 50.78
1 1 9 32 58 4 1 2 45 250 38.84
1 1 10 33 29 3 1 1 40 380 40.53
1 1 10 34 25 3 1 2 36 207 41.19
1 1 10 35 25 3 1 1 59 440 52.1
1 1 11 36 23 2 1 2 40 134 27.87
1 1 11 37 33 3 1 1 72 250 34.75
1 1 11 38 33 3 1 2 40 210 48.75
1 1 12 39 52 4 1 2 40 300 48.83
1 1 12 40 22 2 1 1 32 128 63.8
1 1 13 41 66 5 1 1 40 240 33.33
1 1 13 42 58 4 1 2 30 104 30.34
1 1 13 43 27 3 1 2 35 175 29.63
1 1 13 44 33 3 1 1 40 418 58.12
1 1 13 45 33 3 1 2 40 558 36.82
1 1 14 46 45 4 1 1 40 560 49.08
1 1 14 47 18 1 1 1 48 336 50.11
1 1 14 48 47 4 1 1 40 400 38.96
1 1 15 49 36 4 1 1 40 480 48.47
1 1 15 50 34 3 1 1 40 420 42.55
1 1 15 51 28 3 1 2 40 275 39.56
1 1 15 52 37 4 1 1 45 325 57.94
1 1 16 53 52 4 1 2 32 224 45.73
1 1 16 54 21 2 1 1 40 280 57.72
1 1 16 55 22 2 1 1 40 290 49.32
1 1 16 56 22 2 1 2 40 160 61.96
1 1 16 57 28 3 1 2 40 190 47.27
1 1 17 58 37 4 1 1 50 669 59.63
1 1 17 59 37 4 1 2 15 60 48.7
1 1 17 60 34 3 1 1 49 375 51.18
1 1 18 61 26 3 1 1 40 312 66.67
1 1 18 62 58 4 1 1 40 256 57.52
1 1 19 63 45 4 2 1 40 400 66.11
1 1 19 64 41 4 2 2 40 180 45.09
1 1 19 65 20 2 2 2 40 160 41.3
1 1 19 66 41 4 2 1 40 420 72
1 1 20 67 37 4 1 1 40 400 41.21
1 1 20 68 28 3 1 2 40 254 32.12
1 1 20 69 23 2 1 1 60 500 55.67
1 1 21 70 45 4 1 1 40 300 48.72
1 1 21 71 47 4 1 1 40 664 56.68
1 1 21 72 20 2 1 1 40 200 57.31
1 1 21 73 46 4 1 2 40 135 60.31
1 1 22 74 58 4 1 2 40 40 55.2
1 1 22 75 37 4 1 2 48 175 40.2
1 1 22 76 41 4 1 2 40 204 37.84
1 1 22 77 42 4 1 1 40 440 72.08
1 1 23 78 32 3 1 1 40 545 55.51
1 1 23 79 58 4 1 1 40 350 35.95
1 1 23 80 52 4 1 2 25 93 51.03
1 1 24 81 43 4 1 1 40 150 52.98
1 1 24 82 35 4 1 2 35 72 31.82
1 1 24 83 29 3 1 1 40 224 47.01
1 1 24 84 35 4 1 2 50 342 38.71
1 1 24 85 25 3 1 1 40 520 39.12
1 1 24 86 25 3 1 2 35 122 65.8
1 1 25 87 60 4 1 1 40 400 53.77
1 1 25 88 54 4 1 2 43 101 59.64
1 1 26 89 31 3 1 2 40 419 69.37
1 1 26 90 25 3 2 1 40 360 69.31
1 1 26 91 24 2 2 1 40 250 60.4
1 1 26 92 51 4 1 1 50 450 38.66
1 1 26 93 47 4 1 2 40 210 47.26
1 1 26 94 25 3 1 2 40 246 39.07
1 1 27 95 37 4 1 2 40 150 44.65
1 1 27 96 19 1 1 2 40 180 58.8
1 1 27 97 34 3 1 1 40 500 45.55
1 1 28 98 60 4 1 1 38 257 54.36
1 1 28 99 32 3 1 1 40 375 60.99
1 1 28 100 36 4 1 1 28 300 53.61
1 1 28 101 30 3 1 2 50 400 63.45
1 2 29 102 34 3 1 1 37 222 42.15
1 2 29 103 43 4 1 1 40 900 51.74
1 2 29 104 34 3 1 1 40 824 54.96
1 2 30 105 29 3 1 2 40 356 38.73
1 2 30 106 28 3 1 1 47 450 36.18
1 2 30 107 27 3 1 2 43 450 51.54
1 2 30 108 34 3 1 2 38 375 49.31
1 2 30 109 32 3 1 1 40 500 52.62
1 2 30 110 31 3 1 2 30 180 47.69
1 2 31 111 32 3 1 1 45 376 51.24
1 2 31 112 30 3 1 2 40 138 59.71
1 2 31 113 59 4 1 2 36 134 46.96
1 2 31 114 33 3 1 1 40 353 42.59
1 2 31 115 32 3 1 2 40 400 58.22
1 2 32 116 41 4 1 2 40 315 41.39
1 2 32 117 20 2 1 1 40 180 45.43
1 2 32 118 18 1 1 2 35 100 39.55
1 2 32 119 26 3 1 1 40 542 49.03
1 2 33 120 66 5 2 1 40 214 43.42
1 2 33 121 54 4 2 2 15 68 33.56
1 2 33 122 65 5 2 2 40 54 48.61
1 2 33 123 44 4 2 2 40 154 38.57
1 2 33 124 18 1 2 2 40 134 65.28
1 2 34 125 61 4 1 2 32 165 35.93
1 2 34 126 17 1 1 2 20 80 40.45
1 2 34 127 44 4 2 2 12 42 46.04
1 2 34 128 40 4 1 2 30 162 44.07
1 2 34 129 33 3 1 1 45 200 54.67
1 2 34 130 15 1 1 2 12 28 38.66
1 2 34 131 20 2 1 2 50 150 50.03
1 2 35 132 59 4 1 1 40 331 69.45
1 2 35 133 26 3 1 1 40 250 64.47
1 2 35 134 39 4 1 2 35 280 50.01
1 2 35 135 34 3 1 2 48 325 61.82
1 2 35 136 87 5 1 2 42 100 64.94
1 2 36 137 22 2 2 2 32 191 62.08
1 2 36 138 38 4 1 1 40 320 43.42
1 2 36 139 17 1 1 2 40 158 39.29
1 2 36 140 15 1 1 2 25 84 58
1 2 37 141 31 3 1 1 50 625 28.76
1 2 37 142 39 4 1 1 56 336 68.75
1 2 37 143 34 3 1 2 40 350 54.52
1 2 37 144 50 4 1 2 40 156 36.06
1 2 37 145 30 3 1 1 40 250 42.41
1 2 37 146 26 3 1 2 40 160 48.3
1 2 37 147 29 3 1 2 40 280 43.07
1 2 38 148 34 3 1 1 40 250 48.77
1 2 38 149 61 4 1 2 45 215 33.83
1 2 38 150 42 4 1 1 60 649 48.12
1 2 38 151 37 4 1 2 40 210 46.25
1 2 39 152 50 4 1 1 40 210 68.25
1 2 39 153 47 4 1 2 40 130 57.18
1 2 40 154 40 4 1 2 45 338 55.39
1 2 40 155 44 4 1 1 40 400 50.37
1 2 40 156 37 4 1 2 20 80 40.66
1 2 40 157 17 1 1 2 10 34 50.92
1 2 41 158 61 4 1 1 55 450 51.54
1 2 41 159 59 4 1 2 10 50 75.94
1 2 41 160 46 4 1 2 40 360 53.59
1 2 41 161 26 3 1 2 40 180 50.21
1 2 41 162 75 5 1 2 15 90 57.8
1 2 42 163 48 4 1 1 40 280 41.16
1 2 42 164 49 4 1 2 38 275 53.36
1 2 42 165 27 3 1 1 40 227 39.71
1 2 43 166 31 3 1 1 40 400 41.89
1 2 43 167 19 1 1 2 40 300 32.3
1 2 43 168 45 4 1 2 60 635 47.77
1 2 43 169 25 3 1 2 10 45 51.35
1 2 44 170 36 4 1 1 40 999 46.58
1 2 44 171 34 3 1 1 50 500 46.78
1 2 44 172 34 3 1 2 40 520 60.85
1 2 44 173 17 1 1 2 20 85 46.65
1 2 45 174 41 4 1 2 12 40 49.37
1 2 45 175 24 2 1 1 40 170 52.73
1 2 45 176 24 2 1 2 60 255 73.6
1 2 45 177 44 4 1 1 35 150 57.09
1 2 45 178 32 3 1 2 35 150 58.58
1 2 46 179 17 1 1 1 15 75 48.28
1 2 46 180 25 3 1 2 40 260 58.32
1 2 46 181 27 3 1 1 40 500 67.64
1 2 46 182 27 3 1 1 48 312 47.95
1 2 47 183 50 4 1 2 41 495 58.09
1 2 47 184 48 4 1 1 25 156 60.46
1 2 48 185 35 4 1 1 40 540 66
1 2 48 186 34 3 1 2 40 479 54.12
1 2 48 187 29 3 1 2 20 123 34.65
1 2 49 188 16 1 1 2 5 21 51.72
1 2 49 189 20 2 1 2 8 31 77.55
1 2 49 190 44 4 1 1 40 800 62.83
1 2 49 191 18 1 1 2 40 200 47.02
1 2 49 192 52 4 1 1 40 400 50.51
1 2 49 193 51 4 1 2 20 100 50.97
1 2 50 194 29 3 1 1 30 30 36.2
1 2 50 195 29 3 1 1 60 161 39.85
1 2 50 196 33 3 1 1 60 161 34.72
1 2 50 197 24 2 1 1 60 161 59.46
1 2 50 198 27 3 1 2 60 211 36.5
1 2 50 199 30 3 1 2 60 184 49.44
1 2 51 200 24 2 1 2 40 200 56.15
1 2 51 201 19 1 1 2 40 264 24.46
1 2 51 202 26 3 1 2 40 200 45.53
1 2 51 203 19 1 1 2 40 240 22.76
1 2 51 204 24 2 1 2 20 160 28.53
1 2 51 205 40 4 1 2 40 928 41.12
1 2 51 206 43 4 1 1 60 600 43.77
1 2 51 207 41 4 1 2 35 350 41.4
1 2 51 208 18 1 1 1 40 200 46.31
1 2 51 209 17 1 1 2 20 95 40.62
1 2 51 210 52 4 1 2 30 321 38.3
2 1 52 211 54 4 1 1 40 440 45.26
2 1 52 212 51 4 1 2 25 200 49.52
2 1 52 213 55 4 1 2 50 600 48.71
2 1 53 214 50 4 1 1 40 640 48.36
2 1 53 215 38 4 1 2 40 450 53.75
2 1 54 216 29 3 1 1 50 638 52.41
2 1 54 217 34 3 1 2 40 280 52.28
2 1 55 218 27 3 1 1 40 520 48.49
2 1 55 219 42 4 1 1 58 637 39.21
2 1 55 220 41 4 1 2 18 113 44.01
2 1 55 221 64 4 1 1 16 100 54.64
2 1 56 222 23 2 1 1 24 108 56.43
2 1 56 223 18 1 1 2 18 81 61.28
2 1 56 224 18 1 1 2 17 77 61.35
2 1 56 225 57 4 1 2 5 21 58.34
2 1 57 226 45 4 1 1 40 650 48.25
2 1 57 227 41 4 1 2 22 132 39.42
2 1 58 228 46 4 1 1 34 600 41.3
2 1 58 229 45 4 1 2 60 380 54.9
2 1 58 230 17 1 1 2 20 85 53.3
2 1 58 231 23 2 1 1 40 170 58.9
2 1 58 232 56 4 1 1 40 640 55.43
2 1 59 233 35 4 1 1 40 610 52.61
2 1 59 234 59 4 1 1 40 500 57.53
2 1 59 235 27 3 1 1 40 380 51.05
2 1 60 236 35 4 1 1 50 561 72.53
2 1 60 237 27 3 1 2 60 360 44.23
2 1 60 238 40 4 1 1 40 730 44.64
2 1 61 239 65 5 1 1 32 124 40.66
2 1 61 240 43 4 1 2 40 150 36.72
2 1 61 241 24 2 1 2 40 330 37.27
2 1 61 242 50 4 1 2 35 175 57.98
2 1 61 243 51 4 1 1 38 100 52.2
2 1 62 244 46 4 1 1 40 560 40.89
2 1 62 245 50 4 1 1 40 200 48.87
2 1 63 246 24 2 1 1 44 750 54.46
2 1 63 247 28 3 1 2 42 342 42.22
2 1 64 248 43 4 1 2 50 500 43.3
2 1 64 249 38 4 1 1 50 600 51.98
2 1 64 250 19 1 1 2 35 121 62.82
2 1 65 251 36 4 1 2 40 275 47.02
2 1 65 252 28 3 1 1 40 210 44.04
2 1 65 253 34 3 1 1 44 450 70.07
2 1 65 254 35 4 1 2 32 200 33.42
2 1 65 255 17 1 1 2 16 32 38.9
2 1 65 256 16 1 1 2 10 20 50.72
2 1 65 257 23 2 1 1 30 210 27.3
2 1 65 258 22 2 1 2 40 352 49.89
2 1 66 259 47 4 1 1 40 240 65.01
2 1 66 260 47 4 1 2 20 350 70.08
2 1 66 261 38 4 1 1 40 560 49.3
2 1 66 262 39 4 1 2 30 140 32.8
2 1 67 263 51 4 1 1 30 285 43.87
2 1 67 264 43 4 1 2 99 310 58.66
2 1 67 265 53 4 1 1 40 300 63.03
2 1 67 266 24 2 1 2 30 131 39.43
2 1 67 267 31 3 1 2 35 131 51.21
2 1 67 268 35 4 1 1 37 130 56.19
2 1 68 269 77 5 1 2 30 120 46.54
2 1 68 270 64 4 1 2 30 135 59.44
2 1 69 271 40 4 1 1 40 210 51.96
2 1 69 272 39 4 1 2 40 310 57.32
2 1 69 273 50 4 1 2 40 300 69.38
2 1 69 274 51 4 1 1 40 575 52.68
2 1 69 275 34 3 1 2 40 375 47.34
2 1 69 276 17 1 1 2 15 23 60.04
2 1 70 277 30 3 2 1 40 224 70.53
2 1 70 278 37 4 2 2 15 56 52.65
2 1 70 279 29 3 1 1 40 204 46.27
2 1 70 280 48 4 1 2 40 238 63.6
2 1 70 281 26 3 1 1 40 280 44.75
2 1 70 282 41 4 1 1 40 577 72.11
2 1 70 283 39 4 1 2 30 189 57.96
2 1 71 284 34 3 1 1 40 600 50.53
2 1 71 285 36 4 1 2 40 385 50.49
2 1 72 286 19 1 1 2 40 180 65.61
2 1 72 287 53 4 1 1 40 999 49.05
2 1 72 288 48 4 1 2 40 200 57.93
2 1 73 289 29 3 1 1 40 320 41.25
2 1 73 290 23 2 1 2 40 320 45
2 1 73 291 35 4 1 2 40 240 66.13
2 1 73 292 41 4 1 2 48 324 48.8
2 1 73 293 41 4 1 2 40 225 51.59
2 1 74 294 69 5 1 1 40 999 57.41
2 1 74 295 40 4 1 1 45 500 45.81
2 1 74 296 41 4 1 1 40 480 27.47
2 1 74 297 48 4 1 2 50 800 51.31
2 1 75 298 37 4 1 1 40 900 47.4
2 1 75 299 33 3 1 1 40 999 39.71
2 1 75 300 60 4 1 1 36 438 46.94
2 1 75 301 46 4 1 2 35 448 67.29
2 1 75 302 18 1 1 2 40 240 55.22
2 1 75 303 50 4 1 2 50 575 67.91
2 1 76 304 59 4 2 2 40 327 50.46
2 1 76 305 35 4 1 1 40 509 56.77
2 1 76 306 30 3 1 2 40 294 27.56
2 1 76 307 38 4 1 2 40 410 66.83
2 1 77 308 47 4 2 1 40 150 38.23
2 1 77 309 49 4 1 2 40 134 51.87
2 1 77 310 21 2 1 2 40 140 46.32
2 1 77 311 20 2 1 1 45 360 45.45
2 1 77 312 25 3 1 1 40 334 43.09
2 1 77 313 25 3 1 2 35 70 34.67
2 1 77 314 34 3 1 1 40 250 45.63
2 1 77 315 39 4 1 1 50 425 46.54
2 1 77 316 37 4 1 2 40 325 51.17
2 1 77 317 46 4 1 1 58 195 18.21
2 1 77 318 43 4 1 2 58 195 31.65
2 1 77 319 22 2 1 1 40 180 48.22
2 1 77 320 19 1 1 1 40 224 62.05
2 2 78 321 60 4 2 1 40 444 52.61
2 2 78 322 43 4 2 2 40 413 62.58
2 2 78 323 25 3 2 1 38 154 55.57
2 2 79 324 18 1 2 2 40 152 69.17
2 2 79 325 49 4 2 2 40 152 41.59
2 2 79 326 32 3 2 1 40 154 73.63
2 2 80 327 22 2 1 2 40 226 76.2
2 2 80 328 29 3 1 1 43 383 47.95
2 2 80 329 30 3 1 2 20 145 45.94
2 2 80 330 46 4 1 1 40 440 33.71
2 2 80 331 46 4 1 2 40 600 49.19
2 2 80 332 39 4 1 1 60 700 51.25
2 2 80 333 33 3 1 2 47 250 43.24
2 2 80 334 38 4 1 2 40 280 57.16
2 2 80 335 17 1 1 1 40 200 35.5
2 2 81 336 26 3 1 1 40 450 41.78
2 2 81 337 25 3 1 2 40 450 65.63
2 2 82 338 37 4 1 1 40 328 59.6
2 2 82 339 35 4 1 2 40 304 40.94
2 2 83 340 26 3 1 1 55 413 55.68
2 2 83 341 22 2 1 2 12 48 31.53
2 2 84 342 40 4 1 2 25 88 27.92
2 2 84 343 40 4 1 1 50 275 49.24
2 2 84 344 17 1 1 1 40 140 37.92
2 2 84 345 20 2 1 2 40 250 62.83
2 2 85 346 51 4 1 2 40 400 44.49
2 2 85 347 47 4 1 2 40 420 24.75
2 2 85 348 17 1 1 2 18 66 51.95
2 2 85 349 42 4 1 2 40 236 34.88
2 2 86 350 43 4 1 2 40 200 25.01
2 2 86 351 40 4 1 1 40 340 55.61
2 2 86 352 24 2 1 1 40 230 53.95
2 2 86 353 33 3 1 1 50 300 51.88
2 2 86 354 28 3 1 1 40 400 55.43
2 2 86 355 28 3 1 2 40 230 24.7
2 2 87 356 42 4 1 1 40 799 30.92
2 2 87 357 36 4 1 2 42 210 52.85
2 2 87 358 17 1 1 2 20 100 41.82
2 2 87 359 60 4 1 1 48 200 44.41
2 2 87 360 54 4 1 2 24 100 40.16
2 2 88 361 42 4 1 2 50 221 51.9
2 2 88 362 38 4 1 1 50 577 45.65
2 2 89 363 42 4 2 2 34 139 54.4
2 2 89 364 17 1 2 2 20 67 51.96
2 2 89 365 21 2 2 1 40 134 63.9
2 2 89 366 20 2 2 1 40 253 65.29
2 2 90 367 55 4 1 1 40 200 51.8
2 2 90 368 60 4 1 2 40 220 61.68
2 2 90 369 55 4 1 2 40 480 65.86
2 2 90 370 73 5 1 2 40 134 59.51
2 2 90 371 21 2 1 2 40 120 55.3
2 2 91 372 35 4 1 2 40 260 60.7
2 2 91 373 17 1 1 2 15 50 51.93
2 2 91 374 32 3 1 1 42 500 48.47
2 2 91 375 42 4 1 2 40 212 58.43
2 2 91 376 56 4 1 2 40 325 53.02
2 2 91 377 24 2 1 1 50 158 65.18
2 2 92 378 19 1 1 2 30 101 50.81
2 2 92 379 60 4 1 2 20 101 41.31
2 2 92 380 40 4 1 1 85 850 45.78
2 2 92 381 18 1 1 1 15 60 45.87
2 2 93 382 58 4 2 2 15 50 70.13
2 2 93 383 47 4 1 1 40 392 49.44
2 2 93 384 28 3 1 2 40 134 44.57
2 2 94 385 58 4 1 1 40 40 39.07
2 2 94 386 37 4 1 2 45 257 43.01
2 2 94 387 38 4 1 1 40 310 43.16
2 2 94 388 61 4 1 1 45 287 48.73
2 2 94 389 19 1 1 2 15 48 66.96
2 2 94 390 34 3 1 2 24 176 34.35
2 2 94 391 24 2 1 1 40 200 61.12
2 2 95 392 42 4 1 1 45 800 52.63
2 2 95 393 44 4 1 2 45 646 46.9
2 2 95 394 33 3 1 1 40 580 44.23
2 2 95 395 51 4 1 1 50 350 28.71
2 2 95 396 53 4 1 2 38 184 53.17
2 2 95 397 26 3 1 1 15 53 67.06
2 2 95 398 23 2 1 2 15 53 56.63
2 2 95 399 32 3 1 1 45 250 44.51
2 2 96 400 46 4 2 2 40 200 33.67
2 2 96 401 68 5 1 2 15 50 49.75
2 2 97 402 47 4 1 1 40 400 44.12
2 2 97 403 44 4 1 2 20 80 64.96
2 2 97 404 20 2 1 1 40 320 57.14
2 2 97 405 34 3 1 1 40 337 64.14
2 2 97 406 28 3 1 2 15 120 43.92
2 2 97 407 62 4 1 1 60 650 57.43
2 2 98 408 24 2 1 2 40 146 38.65
2 2 98 409 27 3 2 1 50 300 31.47
2 2 98 410 50 4 1 1 50 999 41.04
2 2 98 411 58 4 1 1 40 999 51.77
2 2 99 412 46 4 1 1 43 226 69.62
2 2 99 413 25 3 1 2 20 70 38.39
2 2 100 414 24 2 1 2 40 346 39.77
2 2 100 415 46 4 1 2 40 420 62.85
2 2 101 416 37 4 1 1 40 500 55.69
2 2 101 417 34 3 1 2 40 388 42.35
2 2 102 418 54 4 2 1 50 400 53.15
2 2 102 419 30 3 2 1 40 220 45.17
2 2 102 420 26 3 2 2 40 134 27.42
2 2 103 421 59 4 2 2 32 107 25.15
2 2 103 422 50 4 2 2 42 491 49.74
3 1 104 423 49 4 1 1 72 486 46.5
3 1 104 424 24 2 1 1 35 168 43.96
3 1 104 425 45 4 1 1 40 356 39.83
3 1 104 426 48 4 1 2 40 190 49.88
3 1 104 427 19 1 1 1 14 68 36.92
3 1 105 428 40 4 1 1 40 423 46.79
3 1 105 429 40 4 1 2 40 308 36.22
3 1 105 430 47 4 2 2 40 268 37.35
3 1 105 431 58 4 2 1 40 258 38.77
3 1 105 432 24 2 2 1 40 276 62.87
3 1 106 433 58 4 2 1 40 228 57.69
3 1 106 434 61 4 1 2 78 250 60.33
3 1 106 435 61 4 1 2 45 308 54.94
3 1 106 436 25 3 2 1 40 268 55.44
3 1 107 437 29 3 1 2 15 59 32.02
3 1 107 438 50 4 1 1 40 240 44.37
3 1 107 439 50 4 1 2 40 212 46.27
3 1 107 440 24 2 1 1 30 131 43.18
3 1 107 441 20 2 1 2 25 86 49.79
3 1 108 442 60 4 1 1 50 225 35.45
3 1 108 443 64 4 1 2 50 225 54.79
3 1 108 444 17 1 1 1 26 87 74.05
3 1 108 445 47 4 1 1 40 200 70.33
3 1 108 446 48 4 1 2 24 145 54.28
3 1 108 447 33 3 1 1 48 340 57.96
3 1 108 448 58 4 1 2 60 246 49.44
3 1 109 449 34 3 1 2 36 535 38.58
3 1 109 450 33 3 1 1 40 600 69.2
3 1 109 451 32 3 1 2 12 72 44.03
3 1 109 452 29 3 1 1 40 400 43.91
3 1 109 453 29 3 1 2 40 360 34.07
3 1 109 454 32 3 1 1 40 596 55.52
3 1 110 455 59 4 1 2 38 279 54.49
3 1 110 456 32 3 1 2 30 150 52
3 1 110 457 35 4 1 1 40 190 55.88
3 1 110 458 35 4 1 2 40 200 43.44
3 1 110 459 16 1 1 2 40 100 45.36
3 1 111 460 39 4 1 1 40 351 61.53
3 1 111 461 35 4 1 2 40 351 63.62
3 1 111 462 38 4 1 1 45 608 27.97
3 1 111 463 35 4 1 2 50 250 55.97
3 1 111 464 17 1 1 1 30 101 29.86
3 1 111 465 42 4 1 2 40 200 38.44
3 1 111 466 19 1 1 1 40 200 53.72
3 1 112 467 30 3 1 1 50 250 31.49
3 1 112 468 31 3 1 2 40 184 46.99
3 1 113 469 24 2 1 1 15 54 57.68
3 1 113 470 23 2 1 1 32 144 64.65
3 1 113 471 20 2 1 2 25 113 51.43
3 1 114 472 36 4 1 2 40 240 58.82
3 1 114 473 34 3 1 1 40 360 50.06
3 1 115 474 44 4 1 1 30 242 52.19
3 1 115 475 19 1 1 1 10 35 47.61
3 1 115 476 41 4 1 1 40 500 50.43
3 1 115 477 59 4 1 2 5 165 55.57
3 1 115 478 60 4 1 1 48 375 56.4